{'0': ([array([[ 0.26882385,  0.96318545, -0.00274202],
       [-0.86482579,  0.24262314,  0.43955702],
       [ 0.4240402 , -0.11579204,  0.8982105 ]]),
        array([-0.1266967 , -0.01693367,  1.08680247])],
       [array([[ 0.26679298,  0.96373849, -0.00544254],
       [-0.86392246,  0.2416561 ,  0.44186005],
       [ 0.42715276, -0.11318322,  0.89706749]]),
        array([-0.24553564, -0.0169905 ,  1.08760067])]),
 '1': ([array([[ 0.26074776, -0.96538491, -0.00652547],
       [ 0.85460937,  0.22767297,  0.46669888],
       [-0.44905838, -0.12726741,  0.88439221]]),
        array([ 0.35102016, -0.29459553,  1.03804301])],
       [array([[ 0.2545783 , -0.96703569,  0.00564372],
       [ 0.85152244,  0.22692723,  0.47266644],
       [-0.45836604, -0.11552487,  0.88122334]]),
        array([ 0.2312848 , -0.29302657,  1.01950975])])}
