{'0': ([array([[-0.9524, -0.3038,  0.0255],
       [ 0.2844, -0.8551,  0.4335],
       [-0.1099,  0.4201,  0.9008]]),
        array([-0.1447, -0.1047,  1.5477])],
       [array([[-0.952 , -0.3009,  0.0562],
       [ 0.2913, -0.834 ,  0.4687],
       [-0.0942,  0.4626,  0.8816]]),
        array([-0.2589, -0.1019,  1.528 ])]),
 '1': ([array([[ 0.276 , -0.9611,  0.0138],
       [ 0.8068,  0.2395,  0.5401],
       [-0.5224, -0.1379,  0.8415]]),
        array([0.3459, 0.1855, 1.6526])],
       [array([[ 0.2819, -0.9589, -0.0317],
       [ 0.8303,  0.2272,  0.5089],
       [-0.4808, -0.1698,  0.8602]]),
        array([0.2246, 0.1888, 1.6107])])}
