{'0': ([array([[ 0.52330914, -0.85187145, -0.02150732],
       [ 0.72215182,  0.42994044,  0.54189295],
       [-0.45237627, -0.29910909,  0.84017228]]),
        array([ 0.1788794 , -0.19020264,  1.02476054])],
       [array([[ 0.52330987, -0.85180288, -0.02405474],
       [ 0.72284087,  0.42877833,  0.54189504],
       [-0.4512736 , -0.30096677,  0.84010186]]),
        array([ 0.05894293, -0.18989874,  1.0128221 ])]),
 '1': ([array([[-0.66047374,  0.75077269, -0.01071446],
       [-0.63002775, -0.54637578,  0.5518501 ],
       [ 0.40845987,  0.37123291,  0.83387449]]),
        array([0.16979864, 0.03765412, 1.06635516])],
       [array([[-0.65366415,  0.75674937,  0.00731879],
       [-0.62433123, -0.54469936,  0.55992242],
       [ 0.42770748,  0.36143187,  0.82851271]]),
        array([0.04942591, 0.03688415, 1.0493693 ])])}
