{'0': ([array([[ 0.52689647, -0.84950531, -0.02684836],
       [ 0.72308993,  0.4314397 ,  0.53944485],
       [-0.44667782, -0.30364536,  0.84159279]]),
        array([ 0.1773247 , -0.19045412,  1.02212012])],
       [array([[ 0.52564115, -0.85033566, -0.02511267],
       [ 0.72199617,  0.43030607,  0.54181013],
       [-0.44991434, -0.30292895,  0.84012567]]),
        array([ 0.05764076, -0.19022044,  1.02249889])]),
 '1': ([array([[-0.6593094 ,  0.7518581 ,  0.00452882],
       [-0.62141144, -0.548291  ,  0.5596649 ],
       [ 0.4232717 ,  0.36617807,  0.82870664]]),
        array([0.17474849, 0.03714395, 1.05234243])],
       [array([[-0.65789833,  0.75297643,  0.01400994],
       [-0.62146361, -0.55331134,  0.55464361],
       [ 0.42538542,  0.35619244,  0.83197007]]),
        array([0.05451302, 0.03775899, 1.04919187])])}
